# %YAML:1.0

# Collected from http://www.cvlibs.net/datasets/kitti/setup.php


# Transformation from GNSS/IMU to LiDAR and then camera
IMU_to_LiDAR:
   rotation:
      r11: 9.999976e-01
      r12: 7.553071e-04
      r13: -2.035826e-03
      r21: -7.854027e-04
      r22: 9.998898e-01
      r23: -1.482298e-02
      r31: 2.024406e-03
      r32: 1.482454e-02
      r33: 9.998881e-01
   translation:
      t1: -8.086759e-01
      t2: 3.195559e-01
      t3: -7.997231e-01


LiDAR_to_cam:
   rotation:
      r11: 7.967514e-03
      r12: -9.999679e-01
      r13: -8.462264e-04
      r21: -2.771053e-03
      r22: 8.241710e-04
      r23: -9.999958e-01
      r31: 9.999644e-01
      r32: 7.969825e-03
      r33: -2.764397e-03
   translation:
      t1: -1.377769e-02
      t2: -5.542117e-02
      t3: -2.918589e-01

